0,2.9507479667663574,1.4681322965630244,1.4869772727343609,1.3463804783474838,8.32210922241211,2.6061801668856037,2.4800672832361443,3.4662728309631348,2.687873155431058,2.5588229950016923,0:00:00.758988,32,0.1,1763
100,2.7726988792419434,1.49663244809097,1.515192981516481,1.378282310595602,4.920699119567871,2.6061801668856037,2.4800672832361443,3.237380027770996,2.687873155431058,2.5588229950016923,0:00:00.716998,32,0.1,1763
200,2.683037281036377,1.799083287276138,1.8096406371062939,1.668953342352014,4.212247848510742,2.6061801668856037,2.4800672832361443,3.0013954639434814,2.687873155431058,2.5588229950016923,0:00:00.663001,32,0.1,1763
300,1.8471033573150635,1.367301192031662,1.3841010685336295,1.248178793535742,5.960561752319336,2.6061801668856037,2.4800672832361443,3.4388742446899414,2.687873155431058,2.5588229950016923,0:00:00.572000,32,0.1,1763
400,1.9053627252578735,1.7361767005166955,1.7431292148448359,1.6171557652658932,3.8475189208984375,2.6061801668856037,2.4800672832361443,3.0432934761047363,2.687873155431058,2.5588229950016923,0:00:00.539002,32,0.1,1763
500,3.064251661300659,1.4478647336978896,1.4576322575623577,1.3206430494355135,4.468937873840332,2.6061801668856037,2.4800672832361443,3.249145984649658,2.687873155431058,2.5588229950016923,0:00:00.676002,32,0.1,1763
600,2.3365373611450195,1.6066225693304461,1.613730829853079,1.47873831586281,5.687432289123535,2.6061801668856037,2.4800672832361443,2.859086036682129,2.687873155431058,2.5588229950016923,0:00:00.657995,32,0.1,1763
700,2.4928295612335205,1.3442203266223953,1.3603657462649938,1.222920854477699,4.220436096191406,2.6061801668856037,2.4800672832361443,3.2623038291931152,2.687873155431058,2.5588229950016923,0:00:00.727002,32,0.1,1763
800,4.479640960693359,1.3298406090717945,1.3402792666067134,1.2148164833611879,4.376511573791504,2.6061801668856037,2.4800672832361443,2.9427483081817627,2.687873155431058,2.5588229950016923,0:00:00.807010,32,0.1,1763
900,2.245659351348877,1.8094464297087767,1.822952723481798,1.6885683419760014,3.57151460647583,2.6061801668856037,2.4800672832361443,3.046957015991211,2.687873155431058,2.5588229950016923,0:00:00.953988,32,0.1,1763
1000,1.7240227460861206,1.6106573623484364,1.6192958372666135,1.4797194638752083,4.4345502853393555,2.6061801668856037,2.4800672832361443,2.973426103591919,2.687873155431058,2.5588229950016923,0:00:00.800003,32,0.1,1763
1100,3.003451347351074,1.485991640251448,1.5223181565115376,1.360996020588253,4.065191268920898,2.6061801668856037,2.4800672832361443,3.055821418762207,2.687873155431058,2.5588229950016923,0:00:00.695997,32,0.1,1763
1200,2.5546860694885254,1.7157297514280394,1.7236289587777907,1.5934630813963033,3.3466482162475586,2.6061801668856037,2.4800672832361443,2.9657490253448486,2.687873155431058,2.5588229950016923,0:00:01.078401,32,0.1,1763
1300,2.8936989307403564,1.6752557947832172,1.6873699399203734,1.5535066465216423,4.85930061340332,2.6061801668856037,2.4800672832361443,3.572145700454712,2.687873155431058,2.5588229950016923,0:00:01.347532,32,0.1,1763
1400,3.3515563011169434,1.6174011218685824,1.6256438967620594,1.488057109569493,4.11762809753418,2.6061801668856037,2.4800672832361443,2.8617753982543945,2.687873155431058,2.5588229950016923,0:00:00.849000,32,0.1,1763
1500,3.220644950866699,1.6883925028342244,1.70562247713173,1.5667831767951337,5.363412857055664,2.6061801668856037,2.4800672832361443,3.1512250900268555,2.687873155431058,2.5588229950016923,0:00:01.172999,32,0.1,1763
1600,2.884823799133301,1.4099907403257834,1.4234995709459735,1.2895136261731261,3.642728328704834,2.6061801668856037,2.4800672832361443,3.1637842655181885,2.687873155431058,2.5588229950016923,0:00:02.023002,32,0.1,1763
1700,2.8748645782470703,1.7765314348366055,1.784576076634523,1.6508954923222303,3.135329246520996,2.6061801668856037,2.4800672832361443,2.97951340675354,2.687873155431058,2.5588229950016923,0:00:01.710737,32,0.1,1763
0,3.264085292816162,1.6971299308475785,1.7040859805032602,1.5694729702965267,3.826741933822632,2.6061801668856037,2.4800672832361443,3.7089290618896484,2.687873155431058,2.5588229950016923,0:00:00.778001,32,0.01,1763
100,1.6850521564483643,1.566032288222706,1.5778512975470802,1.4390798761152144,2.790774345397949,2.6061801668856037,2.4800672832361443,2.830460548400879,2.687873155431058,2.5588229950016923,0:00:00.998995,32,0.01,1763
200,1.5831413269042969,1.5563136609038133,1.5651103799398949,1.4363072199624811,2.6970643997192383,2.6061801668856037,2.4800672832361443,2.842444896697998,2.687873155431058,2.5588229950016923,0:00:00.697003,32,0.01,1763
300,1.496101975440979,1.377888667830311,1.392360021915511,1.250834547850503,2.800642728805542,2.6061801668856037,2.4800672832361443,2.807081460952759,2.687873155431058,2.5588229950016923,0:00:00.855002,32,0.01,1763
400,1.6321077346801758,1.425099283799233,1.4370603552620973,1.2981270968565088,2.6711795330047607,2.6061801668856037,2.4800672832361443,2.858505964279175,2.687873155431058,2.5588229950016923,0:00:00.896997,32,0.01,1763
500,1.867679238319397,1.5494074842033145,1.5748016866991343,1.4195385729516397,3.345806360244751,2.6061801668856037,2.4800672832361443,2.834843635559082,2.687873155431058,2.5588229950016923,0:00:00.921000,32,0.01,1763
600,1.4236862659454346,1.3370851606884981,1.3454206211707949,1.2177781450132112,2.874476432800293,2.6061801668856037,2.4800672832361443,2.8444414138793945,2.687873155431058,2.5588229950016923,0:00:00.931026,32,0.01,1763
700,2.099714756011963,1.9480821211567854,1.9579934808548405,1.8297481016391648,2.6660408973693848,2.6061801668856037,2.4800672832361443,2.847752571105957,2.687873155431058,2.5588229950016923,0:00:00.659166,32,0.01,1763
800,1.92043137550354,1.793981455467811,1.801343142929799,1.674174617887511,2.6770968437194824,2.6061801668856037,2.4800672832361443,2.8504717350006104,2.687873155431058,2.5588229950016923,0:00:01.531001,32,0.01,1763
900,1.4579256772994995,1.4103194282708003,1.4203975615960829,1.2767966939125293,2.7637338638305664,2.6061801668856037,2.4800672832361443,2.8088181018829346,2.687873155431058,2.5588229950016923,0:00:01.164689,32,0.01,1763
1000,1.2663894891738892,1.1873168742107798,1.2050392923524067,1.0646202721926552,2.728283405303955,2.6061801668856037,2.4800672832361443,2.7912070751190186,2.687873155431058,2.5588229950016923,0:00:01.189992,32,0.01,1763
1100,1.4176310300827026,1.4305601832735697,1.4427079413052737,1.3037820779975542,2.9001331329345703,2.6061801668856037,2.4800672832361443,2.807934522628784,2.687873155431058,2.5588229950016923,0:00:01.108145,32,0.01,1763
1200,1.4916869401931763,1.2612541831480406,1.2755261546431047,1.1412057192339453,2.940610408782959,2.6061801668856037,2.4800672832361443,2.8057334423065186,2.687873155431058,2.5588229950016923,0:00:00.964538,32,0.01,1763
1300,1.1503795385360718,1.1518950519382933,1.171203507835841,1.027715172415759,2.8624439239501953,2.6061801668856037,2.4800672832361443,2.8110175132751465,2.687873155431058,2.5588229950016923,0:00:00.938999,32,0.01,1763
1400,1.614916443824768,1.4948338937366048,1.5077585304165042,1.3626497802722493,3.1344354152679443,2.6061801668856037,2.4800672832361443,2.8433070182800293,2.687873155431058,2.5588229950016923,0:00:02.469007,32,0.01,1763
1500,1.9353423118591309,1.847576727638881,1.85869686441743,1.7220897505393227,2.864558458328247,2.6061801668856037,2.4800672832361443,2.8432059288024902,2.687873155431058,2.5588229950016923,0:00:01.641005,32,0.01,1763
1600,1.827730655670166,1.7035104995928922,1.7135445868739967,1.5750448690925087,2.947293519973755,2.6061801668856037,2.4800672832361443,2.847644090652466,2.687873155431058,2.5588229950016923,0:00:01.513991,32,0.01,1763
1700,1.6554514169692993,1.5580268165513087,1.5657287235553,1.4151889458309244,3.140514373779297,2.6061801668856037,2.4800672832361443,2.8985278606414795,2.687873155431058,2.5588229950016923,0:00:00.950997,32,0.01,1763
0,3.3792011737823486,0.9984794801884762,1.0311110807676631,0.8703379746140716,3.536863327026367,2.6061801668856037,2.4800672832361443,3.5637929439544678,2.687873155431058,2.5588229950016923,0:00:00.955997,32,0.001,1763
100,2.07271146774292,1.588796186876893,1.5984166795643924,1.4624284754173702,3.1785802841186523,2.6061801668856037,2.4800672832361443,3.1535820960998535,2.687873155431058,2.5588229950016923,0:00:01.059003,32,0.001,1763
200,1.2178490161895752,1.114620837874912,1.124511087292861,0.9938492469129601,2.92829966545105,2.6061801668856037,2.4800672832361443,2.982438564300537,2.687873155431058,2.5588229950016923,0:00:01.171599,32,0.001,1763
300,1.8163061141967773,1.5489709192463073,1.5601770051960724,1.43576038839323,2.8381993770599365,2.6061801668856037,2.4800672832361443,2.9231882095336914,2.687873155431058,2.5588229950016923,0:00:00.955002,32,0.001,1763
400,1.5564287900924683,1.475996345566451,1.4884479534418975,1.3580694182659885,2.8383116722106934,2.6061801668856037,2.4800672832361443,2.8890368938446045,2.687873155431058,2.5588229950016923,0:00:00.905900,32,0.001,1763
500,1.5821197032928467,1.5127174672082033,1.5212772949059272,1.3830446415749895,2.806164026260376,2.6061801668856037,2.4800672832361443,2.8659796714782715,2.687873155431058,2.5588229950016923,0:00:00.918996,32,0.001,1763
600,1.138851284980774,1.1023045810281458,1.1167172618324432,0.9719607256022984,2.7667627334594727,2.6061801668856037,2.4800672832361443,2.850598096847534,2.687873155431058,2.5588229950016923,0:00:00.795999,32,0.001,1763
700,1.3499022722244263,1.2281003816307208,1.241510174306384,1.109268185235536,2.746598720550537,2.6061801668856037,2.4800672832361443,2.836928129196167,2.687873155431058,2.5588229950016923,0:00:00.766015,32,0.001,1763
800,1.8861501216888428,1.7205200271750718,1.725877679033174,1.5881764533613831,2.810889959335327,2.6061801668856037,2.4800672832361443,2.830662727355957,2.687873155431058,2.5588229950016923,0:00:00.859986,32,0.001,1763
900,1.7764979600906372,1.723134432612011,1.732492354849134,1.5924490060660328,2.7368648052215576,2.6061801668856037,2.4800672832361443,2.822702169418335,2.687873155431058,2.5588229950016923,0:00:00.704644,32,0.001,1763
1000,1.679912805557251,1.597184367216232,1.607162571664071,1.464062620072418,2.7479629516601562,2.6061801668856037,2.4800672832361443,2.820171356201172,2.687873155431058,2.5588229950016923,0:00:00.717048,32,0.001,1763
1100,1.5826891660690308,1.6094064744554488,1.6226789478231591,1.484144418377308,2.7587499618530273,2.6061801668856037,2.4800672832361443,2.813236951828003,2.687873155431058,2.5588229950016923,0:00:00.749994,32,0.001,1763
1200,1.6283332109451294,1.5440142868015734,1.5531503156502025,1.424981725050164,2.7626466751098633,2.6061801668856037,2.4800672832361443,2.811640977859497,2.687873155431058,2.5588229950016923,0:00:00.725003,32,0.001,1763
1300,1.381880521774292,1.3773869909336662,1.3899851915964563,1.244778798814164,2.691524028778076,2.6061801668856037,2.4800672832361443,2.8094613552093506,2.687873155431058,2.5588229950016923,0:00:00.769999,32,0.001,1763
1400,1.7127240896224976,1.6560444078485008,1.6643549689398156,1.529346019333378,2.727891683578491,2.6061801668856037,2.4800672832361443,2.804704189300537,2.687873155431058,2.5588229950016923,0:00:00.667999,32,0.001,1763
1500,1.386607050895691,1.3261188182430854,1.3394424879840214,1.2074665271271672,2.726289987564087,2.6061801668856037,2.4800672832361443,2.8017306327819824,2.687873155431058,2.5588229950016923,0:00:00.775002,32,0.001,1763
1600,1.4227112531661987,1.4432536919538475,1.4627085561093534,1.3145458499767793,2.768949031829834,2.6061801668856037,2.4800672832361443,2.799790143966675,2.687873155431058,2.5588229950016923,0:00:00.525998,32,0.001,1763
1700,1.767455816268921,1.7581771424628898,1.7634010887213036,1.6351857018910299,2.7079787254333496,2.6061801668856037,2.4800672832361443,2.8052520751953125,2.687873155431058,2.5588229950016923,0:00:00.580003,32,0.001,1763
0,3.325507164001465,1.3772731383067318,1.3930892533776542,1.259197691132463,3.9094252586364746,2.6061801668856037,2.4800672832361443,3.925180673599243,2.687873155431058,2.5588229950016923,0:00:00.452997,32,0.0001,1763
100,2.649466037750244,1.7350474478299924,1.7458512485730981,1.60386161085672,3.7776858806610107,2.6061801668856037,2.4800672832361443,3.7527029514312744,2.687873155431058,2.5588229950016923,0:00:00.900003,32,0.0001,1763
200,2.21120548248291,1.488601431696325,1.5020714985012589,1.3575662980016998,3.71386981010437,2.6061801668856037,2.4800672832361443,3.6073596477508545,2.687873155431058,2.5588229950016923,0:00:01.371000,32,0.0001,1763
300,1.917938470840454,1.4548793602872552,1.4655057649926415,1.3311514043830501,3.5846633911132812,2.6061801668856037,2.4800672832361443,3.4940185546875,2.687873155431058,2.5588229950016923,0:00:01.268999,32,0.0001,1763
400,1.7956326007843018,1.182307275790635,1.1953220667478317,1.0513387174661875,3.4862844944000244,2.6061801668856037,2.4800672832361443,3.409355878829956,2.687873155431058,2.5588229950016923,0:00:01.341999,32,0.0001,1763
500,2.1839709281921387,1.8099099858273147,1.8196614847207475,1.680061913870047,3.4076437950134277,2.6061801668856037,2.4800672832361443,3.3446388244628906,2.687873155431058,2.5588229950016923,0:00:00.620998,32,0.0001,1763
600,1.7877821922302246,1.3371677935465955,1.3454780272023594,1.2083319227245644,3.344161033630371,2.6061801668856037,2.4800672832361443,3.2917182445526123,2.687873155431058,2.5588229950016923,0:00:00.787002,32,0.0001,1763
700,1.9370704889297485,1.5165877838210757,1.530893322529401,1.3939570692645347,3.271869421005249,2.6061801668856037,2.4800672832361443,3.243190288543701,2.687873155431058,2.5588229950016923,0:00:00.832007,32,0.0001,1763
800,2.3420968055725098,1.8792910908124703,1.8902813068771167,1.7533303954201758,3.22163987159729,2.6061801668856037,2.4800672832361443,3.200188398361206,2.687873155431058,2.5588229950016923,0:00:01.235991,32,0.0001,1763
900,2.098672389984131,1.7147315760040756,1.7266697233811295,1.5800888650109672,3.1654441356658936,2.6061801668856037,2.4800672832361443,3.168727397918701,2.687873155431058,2.5588229950016923,0:00:01.664002,32,0.0001,1763
1000,2.298670768737793,2.0763369834804775,2.082512488014041,1.948515532085242,3.1446516513824463,2.6061801668856037,2.4800672832361443,3.140566349029541,2.687873155431058,2.5588229950016923,0:00:01.250335,32,0.0001,1763
1100,1.6736465692520142,1.456777262280268,1.4650357991135607,1.3265175100156001,3.111069679260254,2.6061801668856037,2.4800672832361443,3.112727403640747,2.687873155431058,2.5588229950016923,0:00:01.171998,32,0.0001,1763
1200,1.5897536277770996,1.3656837932447092,1.3805947413764905,1.246793406060215,3.06923508644104,2.6061801668856037,2.4800672832361443,3.0878748893737793,2.687873155431058,2.5588229950016923,0:00:00.842000,32,0.0001,1763
1300,1.9076677560806274,1.637842556214258,1.651140813719271,1.5167038326841469,3.055680990219116,2.6061801668856037,2.4800672832361443,3.0684802532196045,2.687873155431058,2.5588229950016923,0:00:01.005001,32,0.0001,1763
1400,1.899397850036621,1.5848085761738662,1.5954449375398416,1.46153481060071,3.0196526050567627,2.6061801668856037,2.4800672832361443,3.0500452518463135,2.687873155431058,2.5588229950016923,0:00:00.803000,32,0.0001,1763
1500,1.6015093326568604,1.3672814510372975,1.3780145361497058,1.241574483780316,3.0053417682647705,2.6061801668856037,2.4800672832361443,3.0347132682800293,2.687873155431058,2.5588229950016923,0:00:01.056001,32,0.0001,1763
1600,1.6393043994903564,1.4387391315569962,1.449587904057007,1.3061810164177,2.980266809463501,2.6061801668856037,2.4800672832361443,3.018906593322754,2.687873155431058,2.5588229950016923,0:00:00.866545,32,0.0001,1763
1700,2.258382797241211,1.8652652895788384,1.8785876964891242,1.7406263457554512,2.9773271083831787,2.6061801668856037,2.4800672832361443,3.0060012340545654,2.687873155431058,2.5588229950016923,0:00:00.606996,32,0.0001,1763
0,3.515747308731079,1.5370827855956477,1.571254942581674,1.4052130231258884,8.28492259979248,2.6061801668856037,2.4800672832361443,3.82231068611145,2.687873155431058,2.5588229950016923,0:00:00.554001,64,0.1,881
100,1.9542769193649292,1.5419819817338685,1.5593509312750766,1.4137283304885364,3.181185722351074,2.6061801668856037,2.4800672832361443,2.9586007595062256,2.687873155431058,2.5588229950016923,0:00:01.559001,64,0.1,881
200,1.9120252132415771,1.1001372783129084,1.1212069655289174,0.9712983976119401,3.8465986251831055,2.6061801668856037,2.4800672832361443,3.0317349433898926,2.687873155431058,2.5588229950016923,0:00:00.856006,64,0.1,881
300,2.1924374103546143,1.5096655576643048,1.5185170558171865,1.383573313827921,3.3352198600769043,2.6061801668856037,2.4800672832361443,2.9332573413848877,2.687873155431058,2.5588229950016923,0:00:01.351994,64,0.1,881
400,2.801805019378662,1.840877844717903,1.849895442709043,1.7186419451714883,3.6168370246887207,2.6061801668856037,2.4800672832361443,2.910468101501465,2.687873155431058,2.5588229950016923,0:00:01.134997,64,0.1,881
500,1.9440038204193115,1.4327003466972614,1.440696302192492,1.3013294372004125,3.8800740242004395,2.6061801668856037,2.4800672832361443,2.9352803230285645,2.687873155431058,2.5588229950016923,0:00:00.965997,64,0.1,881
600,1.9880305528640747,1.3280115117318685,1.3452373026226108,1.207902601243391,3.864884853363037,2.6061801668856037,2.4800672832361443,2.8993518352508545,2.687873155431058,2.5588229950016923,0:00:01.518000,64,0.1,881
700,2.2239794731140137,1.5412992479598968,1.5560243940346254,1.4104571048964407,3.436580181121826,2.6061801668856037,2.4800672832361443,2.931727886199951,2.687873155431058,2.5588229950016923,0:00:01.071000,64,0.1,881
800,2.200706958770752,1.5921052266825697,1.6048928922787487,1.4601258538239392,3.0759294033050537,2.6061801668856037,2.4800672832361443,2.8293540477752686,2.687873155431058,2.5588229950016923,0:00:00.803003,64,0.1,881
0,4.071046352386475,1.3347649859224426,1.3527651515611645,1.2083578589784363,3.8959550857543945,2.6061801668856037,2.4800672832361443,3.897416591644287,2.687873155431058,2.5588229950016923,0:00:00.549998,64,0.01,881
100,1.631283164024353,1.5230246692636014,1.5423325750602428,1.3936313072274562,2.8921725749969482,2.6061801668856037,2.4800672832361443,2.8319387435913086,2.687873155431058,2.5588229950016923,0:00:00.895003,64,0.01,881
200,1.642221212387085,1.5616488630247072,1.574873920103817,1.4264866895696202,2.947453737258911,2.6061801668856037,2.4800672832361443,2.816270112991333,2.687873155431058,2.5588229950016923,0:00:01.460004,64,0.01,881
300,1.7796754837036133,1.5887051005526913,1.6007267544374906,1.4674309855757102,2.7526025772094727,2.6061801668856037,2.4800672832361443,2.8368031978607178,2.687873155431058,2.5588229950016923,0:00:00.922993,64,0.01,881
400,1.4981282949447632,1.3803680032091048,1.3945065302051365,1.2516621259902607,2.7910361289978027,2.6061801668856037,2.4800672832361443,2.8008275032043457,2.687873155431058,2.5588229950016923,0:00:00.609002,64,0.01,881
500,1.8663804531097412,1.7728145189594897,1.7860139780962356,1.650090210470139,2.8609838485717773,2.6061801668856037,2.4800672832361443,2.802518844604492,2.687873155431058,2.5588229950016923,0:00:00.711000,64,0.01,881
600,1.5498623847961426,1.4691804853057924,1.482474351529155,1.3411371592129926,2.760230302810669,2.6061801668856037,2.4800672832361443,2.8302578926086426,2.687873155431058,2.5588229950016923,0:00:00.778001,64,0.01,881
700,1.835252046585083,1.7514817948532653,1.7615011142061145,1.622364378328603,2.8855276107788086,2.6061801668856037,2.4800672832361443,2.8031513690948486,2.687873155431058,2.5588229950016923,0:00:00.730999,64,0.01,881
800,1.75315260887146,1.6816937804642849,1.6914175459794853,1.5549547969514603,2.7224769592285156,2.6061801668856037,2.4800672832361443,2.799764394760132,2.687873155431058,2.5588229950016923,0:00:00.592994,64,0.01,881
0,4.1483635902404785,1.793777166557076,1.8094028233543817,1.670866861972966,4.171830177307129,2.6061801668856037,2.4800672832361443,4.061697959899902,2.687873155431058,2.5588229950016923,0:00:00.396995,64,0.001,881
100,1.535058856010437,1.2001822266463273,1.2120752888087425,1.0785340116419968,3.2217628955841064,2.6061801668856037,2.4800672832361443,3.253601551055908,2.687873155431058,2.5588229950016923,0:00:00.699005,64,0.001,881
200,1.8923388719558716,1.7205029425145921,1.7321548327179852,1.590052780840347,3.0085768699645996,2.6061801668856037,2.4800672832361443,3.0166304111480713,2.687873155431058,2.5588229950016923,0:00:01.093997,64,0.001,881
300,1.6313586235046387,1.4631764625530308,1.4767593677668072,1.34691703642217,2.848524808883667,2.6061801668856037,2.4800672832361443,2.937352180480957,2.687873155431058,2.5588229950016923,0:00:00.809002,64,0.001,881
400,1.607046365737915,1.5645858172905747,1.5807178052041653,1.4466975847649266,2.828186273574829,2.6061801668856037,2.4800672832361443,2.898770570755005,2.687873155431058,2.5588229950016923,0:00:01.061000,64,0.001,881
500,1.7530732154846191,1.665783353175827,1.6774028668308196,1.5344413935000325,2.781332492828369,2.6061801668856037,2.4800672832361443,2.877559185028076,2.687873155431058,2.5588229950016923,0:00:00.750993,64,0.001,881
600,1.6171653270721436,1.4924372871966136,1.5041260679521982,1.3678127441941539,2.7533440589904785,2.6061801668856037,2.4800672832361443,2.855180501937866,2.687873155431058,2.5588229950016923,0:00:00.809001,64,0.001,881
700,1.5956714153289795,1.5326588620024233,1.5410180555805426,1.3991777522040652,2.7839345932006836,2.6061801668856037,2.4800672832361443,2.844050407409668,2.687873155431058,2.5588229950016923,0:00:00.682003,64,0.001,881
800,1.7658472061157227,1.691333483332386,1.7037265188675383,1.5627692538831577,2.7452874183654785,2.6061801668856037,2.4800672832361443,2.8344147205352783,2.687873155431058,2.5588229950016923,0:00:00.796001,64,0.001,881
0,3.816830635070801,1.535327552817264,1.551968328608837,1.4138627979219063,3.703918218612671,2.6061801668856037,2.4800672832361443,3.8057589530944824,2.687873155431058,2.5588229950016923,0:00:00.504996,64,0.0001,881
100,2.457200765609741,1.3089925903282904,1.3217440526049578,1.1828958429144194,3.6638312339782715,2.6061801668856037,2.4800672832361443,3.7440333366394043,2.687873155431058,2.5588229950016923,0:00:01.065999,64,0.0001,881
200,2.352900266647339,1.5698049037735453,1.5839319026651688,1.449024416708111,3.6882035732269287,2.6061801668856037,2.4800672832361443,3.6764960289001465,2.687873155431058,2.5588229950016923,0:00:00.930999,64,0.0001,881
300,2.1368861198425293,1.5301395478282476,1.5488583927032142,1.4092025485394601,3.6362287998199463,2.6061801668856037,2.4800672832361443,3.5998568534851074,2.687873155431058,2.5588229950016923,0:00:00.651000,64,0.0001,881
400,2.2052717208862305,1.782391099831051,1.791918332217577,1.6494442282725275,3.5548956394195557,2.6061801668856037,2.4800672832361443,3.5250022411346436,2.687873155431058,2.5588229950016923,0:00:00.612999,64,0.0001,881
500,1.9421167373657227,1.549129036410679,1.5633719340055776,1.419215321887115,3.477898120880127,2.6061801668856037,2.4800672832361443,3.455648899078369,2.687873155431058,2.5588229950016923,0:00:00.552028,64,0.0001,881
600,1.7410681247711182,1.292649580990347,1.3072917586122026,1.164784556833651,3.3846278190612793,2.6061801668856037,2.4800672832361443,3.3886892795562744,2.687873155431058,2.5588229950016923,0:00:00.710997,64,0.0001,881
700,1.668421745300293,1.3392711995978515,1.3524880663336665,1.2137083566267943,3.3194079399108887,2.6061801668856037,2.4800672832361443,3.3306782245635986,2.687873155431058,2.5588229950016923,0:00:00.640616,64,0.0001,881
800,1.6594853401184082,1.3434380571040618,1.3576313103192268,1.21937508656535,3.2693893909454346,2.6061801668856037,2.4800672832361443,3.2815773487091064,2.687873155431058,2.5588229950016923,0:00:00.574002,64,0.0001,881
0,3.8803207874298096,1.4548767539375682,1.4707209390541074,1.332723590429547,7.694972515106201,2.6061801668856037,2.4800672832361443,3.829303026199341,2.687873155431058,2.5588229950016923,0:00:00.536000,128,0.1,440
100,1.97747802734375,1.6870613769034954,1.6953642986675879,1.5551865474555338,2.905451536178589,2.6061801668856037,2.4800672832361443,2.8952414989471436,2.687873155431058,2.5588229950016923,0:00:01.160998,128,0.1,440
200,1.8379700183868408,1.3690519770559952,1.3839303176910813,1.2451338961964247,3.156095504760742,2.6061801668856037,2.4800672832361443,2.8943731784820557,2.687873155431058,2.5588229950016923,0:00:00.677010,128,0.1,440
300,1.6836576461791992,1.378216470818013,1.3902842375380038,1.2504497694152197,3.3444974422454834,2.6061801668856037,2.4800672832361443,2.815082311630249,2.687873155431058,2.5588229950016923,0:00:00.690988,128,0.1,440
400,2.013359308242798,1.546402923080415,1.5581406946630325,1.4213715668770834,3.216426134109497,2.6061801668856037,2.4800672832361443,2.937171697616577,2.687873155431058,2.5588229950016923,0:00:00.610003,128,0.1,440
0,4.199189186096191,1.5639056003146667,1.5747355081022947,1.4365359253636347,3.5968129634857178,2.6061801668856037,2.4800672832361443,3.5982706546783447,2.687873155431058,2.5588229950016923,0:00:00.496997,128,0.01,440
100,1.6240431070327759,1.493434677709973,1.507370465165453,1.3691953083127217,2.7810001373291016,2.6061801668856037,2.4800672832361443,2.8151562213897705,2.687873155431058,2.5588229950016923,0:00:00.643998,128,0.01,440
200,1.747802972793579,1.6391035276346693,1.6490029620474356,1.5099389541580557,2.7480309009552,2.6061801668856037,2.4800672832361443,2.8138153553009033,2.687873155431058,2.5588229950016923,0:00:00.560002,128,0.01,440
300,1.6268868446350098,1.4958750960704255,1.5074814136908494,1.3691123939032706,2.7682180404663086,2.6061801668856037,2.4800672832361443,2.797741174697876,2.687873155431058,2.5588229950016923,0:00:00.655001,128,0.01,440
400,1.4821914434432983,1.3657582155028969,1.3780073824565393,1.2405270915957374,2.655310869216919,2.6061801668856037,2.4800672832361443,2.8033230304718018,2.687873155431058,2.5588229950016923,0:00:00.650100,128,0.01,440
0,3.8049046993255615,1.733005900571514,1.746364788655108,1.6032389761287649,3.7553584575653076,2.6061801668856037,2.4800672832361443,3.7000269889831543,2.687873155431058,2.5588229950016923,0:00:00.438120,128,0.001,440
100,1.6552174091339111,1.438955374498593,1.452789367408483,1.3130654269551347,3.126023769378662,2.6061801668856037,2.4800672832361443,3.1214537620544434,2.687873155431058,2.5588229950016923,0:00:00.706534,128,0.001,440
200,1.6197326183319092,1.4277145727181626,1.4408017118681633,1.300044354267081,2.9048752784729004,2.6061801668856037,2.4800672832361443,2.957832098007202,2.687873155431058,2.5588229950016923,0:00:00.872012,128,0.001,440
300,1.5587050914764404,1.438939579021189,1.4495117141597407,1.3136855188966767,2.8555517196655273,2.6061801668856037,2.4800672832361443,2.902205228805542,2.687873155431058,2.5588229950016923,0:00:00.712582,128,0.001,440
400,1.761902093887329,1.6987047895924996,1.709254662176804,1.5721967354055295,2.7832887172698975,2.6061801668856037,2.4800672832361443,2.868415594100952,2.687873155431058,2.5588229950016923,0:00:00.588001,128,0.001,440
0,3.9181430339813232,1.5109298063913408,1.52360708208152,1.381740754510628,3.6339948177337646,2.6061801668856037,2.4800672832361443,3.7176716327667236,2.687873155431058,2.5588229950016923,0:00:00.351999,128,0.0001,440
100,2.7724502086639404,1.624394952205142,1.6346496011330172,1.4929881337957263,3.5447704792022705,2.6061801668856037,2.4800672832361443,3.6183183193206787,2.687873155431058,2.5588229950016923,0:00:00.629997,128,0.0001,440
200,2.1631152629852295,1.4691298873024499,1.4807738267279007,1.3411527896684898,3.551753282546997,2.6061801668856037,2.4800672832361443,3.5258231163024902,2.687873155431058,2.5588229950016923,0:00:00.598004,128,0.0001,440
300,1.9594842195510864,1.4356434589721037,1.4459899997456633,1.312700087509376,3.493736743927002,2.6061801668856037,2.4800672832361443,3.4419467449188232,2.687873155431058,2.5588229950016923,0:00:00.709002,128,0.0001,440
400,2.019179105758667,1.3943798180242928,1.4100243465132638,1.2692657607611666,3.4108026027679443,2.6061801668856037,2.4800672832361443,3.368675470352173,2.687873155431058,2.5588229950016923,0:00:00.559999,128,0.0001,440
0,2.819767475128174,1.4038331787479486,1.4190897747742244,1.2799419908806688,9.129838943481445,2.6061801668856037,2.4800672832361443,3.7767398357391357,2.687873155431058,2.5588229950016923,0:00:00.456997,256,0.1,220
100,1.6488641500473022,1.4943012490218786,1.5054145775604788,1.371283871155626,2.8586714267730713,2.6061801668856037,2.4800672832361443,2.815232992172241,2.687873155431058,2.5588229950016923,0:00:00.692001,256,0.1,220
200,2.025705337524414,1.5529961868340274,1.5635813389195319,1.423728622022978,2.935605525970459,2.6061801668856037,2.4800672832361443,2.912332773208618,2.687873155431058,2.5588229950016923,0:00:00.627998,256,0.1,220
0,3.9098191261291504,1.4876982850933362,1.504606550036116,1.360690778377792,3.8778510093688965,2.6061801668856037,2.4800672832361443,3.844329595565796,2.687873155431058,2.5588229950016923,0:00:00.422990,256,0.01,220
100,1.6766343116760254,1.596478577053841,1.6104889854954338,1.4695475169296457,2.6973161697387695,2.6061801668856037,2.4800672832361443,2.8186399936676025,2.687873155431058,2.5588229950016923,0:00:00.593000,256,0.01,220
200,1.5506014823913574,1.5217545013164362,1.534635456819001,1.3918335589414732,2.753589153289795,2.6061801668856037,2.4800672832361443,2.7987842559814453,2.687873155431058,2.5588229950016923,0:00:00.644004,256,0.01,220
0,4.094058990478516,1.4578682006472081,1.4689457364020195,1.332897874467612,3.729249954223633,2.6061801668856037,2.4800672832361443,3.717379570007324,2.687873155431058,2.5588229950016923,0:00:00.395995,256,0.001,220
100,1.8941307067871094,1.5550554899732285,1.5647196387752118,1.427024398149544,3.1494035720825195,2.6061801668856037,2.4800672832361443,3.163404941558838,2.687873155431058,2.5588229950016923,0:00:00.774002,256,0.001,220
200,1.5355019569396973,1.3808787382090078,1.3968338907459703,1.255334566908836,2.919178009033203,2.6061801668856037,2.4800672832361443,2.9813740253448486,2.687873155431058,2.5588229950016923,0:00:00.593996,256,0.001,220
0,3.7900707721710205,1.5237001200436309,1.5426300396016437,1.399973342188902,3.7109997272491455,2.6061801668856037,2.4800672832361443,3.6858880519866943,2.687873155431058,2.5588229950016923,0:00:00.339998,256,0.0001,220
100,2.512774705886841,1.431713800940132,1.4461430942543432,1.306314492408697,3.630255937576294,2.6061801668856037,2.4800672832361443,3.606895923614502,2.687873155431058,2.5588229950016923,0:00:00.644000,256,0.0001,220
200,2.331275463104248,1.6424757814354705,1.6570067378213824,1.515308205522083,3.598940849304199,2.6061801668856037,2.4800672832361443,3.5214014053344727,2.687873155431058,2.5588229950016923,0:00:00.725003,256,0.0001,220
0,3.9115850925445557,1.5053922948055314,1.5202621328252766,1.3769290072526172,8.473719596862793,2.6061801668856037,2.4800672832361443,3.3273539543151855,2.687873155431058,2.5588229950016923,0:00:00.426996,512,0.1,110
100,1.7095246315002441,1.558989612210112,1.571904051686586,1.4317774577218334,2.9487826824188232,2.6061801668856037,2.4800672832361443,2.8168249130249023,2.687873155431058,2.5588229950016923,0:00:01.125001,512,0.1,110
0,4.270087242126465,1.5077470079223423,1.51894368880588,1.3808072094518569,3.541602373123169,2.6061801668856037,2.4800672832361443,3.549131393432617,2.687873155431058,2.5588229950016923,0:00:00.505999,512,0.01,110
100,1.557841420173645,1.4986181583864373,1.5143554147299303,1.373665205060163,2.7309768199920654,2.6061801668856037,2.4800672832361443,2.812486410140991,2.687873155431058,2.5588229950016923,0:00:01.075998,512,0.01,110
0,3.7495808601379395,1.5778795520956157,1.5900635120128634,1.451517936076599,3.8408517837524414,2.6061801668856037,2.4800672832361443,3.8754820823669434,2.687873155431058,2.5588229950016923,0:00:00.623995,512,0.001,110
100,1.725830078125,1.503599583275416,1.5177390945095706,1.3757722893654143,3.0741994380950928,2.6061801668856037,2.4800672832361443,3.100923538208008,2.687873155431058,2.5588229950016923,0:00:01.423002,512,0.001,110
0,4.370205402374268,1.4920955883262046,1.504502450243558,1.3675289735335359,4.5221686363220215,2.6061801668856037,2.4800672832361443,4.295041561126709,2.687873155431058,2.5588229950016923,0:00:00.466996,512,0.0001,110
100,2.9424469470977783,1.5769596250277158,1.589495508014767,1.449089467079384,4.1079559326171875,2.6061801668856037,2.4800672832361443,3.988039493560791,2.687873155431058,2.5588229950016923,0:00:01.758010,512,0.0001,110
0,3.658019781112671,1.4369416228491103,1.4500935655228158,1.310129576403145,7.848084449768066,2.6061801668856037,2.4800672832361443,3.8488121032714844,2.687873155431058,2.5588229950016923,0:00:00.554994,1024,0.1,55
0,4.359316349029541,1.4546130251443878,1.4671268332603191,1.3276316479819241,3.6315598487854004,2.6061801668856037,2.4800672832361443,3.6892082691192627,2.687873155431058,2.5588229950016923,0:00:00.803006,1024,0.01,55
0,3.5168514251708984,1.5723194075846005,1.585764949202635,1.4471355046147332,3.4215714931488037,2.6061801668856037,2.4800672832361443,3.4292197227478027,2.687873155431058,2.5588229950016923,0:00:00.598998,1024,0.001,55
0,3.733112335205078,1.4840392734752514,1.4970242638604807,1.3567752729428153,3.9014523029327393,2.6061801668856037,2.4800672832361443,3.980534076690674,2.687873155431058,2.5588229950016923,0:00:00.718999,1024,0.0001,55
0,4.171950817108154,1.446086637038638,1.4608382724281332,1.320391421959218,8.551994323730469,2.6061801668856037,2.4800672832361443,3.249443292617798,2.687873155431058,2.5588229950016923,0:00:00.638003,2048,0.1,27
0,3.0963387489318848,1.464217322674498,1.4778260500872369,1.3374713923704313,3.6500515937805176,2.6061801668856037,2.4800672832361443,3.510845184326172,2.687873155431058,2.5588229950016923,0:00:00.412002,2048,0.01,27
0,4.476112365722656,1.5128499915920717,1.52766957912739,1.3858583176896293,3.689405918121338,2.6061801668856037,2.4800672832361443,3.7918901443481445,2.687873155431058,2.5588229950016923,0:00:00.431000,2048,0.001,27
0,3.714306354522705,1.4541410905865106,1.467813440808829,1.3286292707796803,4.3063645362854,2.6061801668856037,2.4800672832361443,4.256438732147217,2.687873155431058,2.5588229950016923,0:00:00.559003,2048,0.0001,27
0,3.484992265701294,1.5360986569133812,1.5494112190514557,1.4093020970921786,7.792457103729248,2.6061801668856037,2.4800672832361443,3.632737874984741,2.687873155431058,2.5588229950016923,0:00:00.697995,4096,0.1,13
0,3.9794118404388428,1.529778109087814,1.5426015226436889,1.4036408801562092,3.7173678874969482,2.6061801668856037,2.4800672832361443,3.6640069484710693,2.687873155431058,2.5588229950016923,0:00:00.518999,4096,0.01,13
0,3.8570542335510254,1.5164085881829688,1.5305790235833343,1.389207810648391,3.4345455169677734,2.6061801668856037,2.4800672832361443,3.338052988052368,2.687873155431058,2.5588229950016923,0:00:00.675997,4096,0.001,13
0,3.8921380043029785,1.52373325539289,1.5372082556143556,1.3976858509068453,3.471278429031372,2.6061801668856037,2.4800672832361443,3.498645544052124,2.687873155431058,2.5588229950016923,0:00:00.748988,4096,0.0001,13
